   -1.0972
   -3.9642
    0.3495
   -1.9934
   -1.9115
   -1.0265
    0.8377
    0.8221
   -1.7062
    1.1718
   -0.4765
    0.5563
   -0.4820
    1.4985
    1.8624
    1.1735
    0.6027
   -0.8700
    0.0129
    1.6196
   -0.1128
    0.0118
    0.2588
    1.1998
    2.2019
    0.1938
    0.0961
   -0.0652
   -0.7162
   -1.0188
    1.9348
    2.7453
   -0.9183
   -3.6921
   -0.5342
    1.2462
    0.3009
   -0.1246
    0.5926
   -1.2107
    0.1330
    1.1441
    0.3169
    0.8294
    0.4341
   -0.9215
    0.3360
   -0.2717
   -0.0117
    1.1305
    0.6141
   -1.2200
   -0.3908
   -0.3519
   -1.0101
    1.6801
   -0.8871
    0.2260
    0.9836
   -0.2035
    1.0019
   -1.0503
   -0.6941
    0.4135
    1.8337
   -1.2046
   -0.2904
   -0.0105
    1.2864
    0.3926
   -0.8366
    0.8254
   -2.2332
    0.3481
    0.9366
    0.0733
    0.2937
   -0.7499
   -0.0514
    0.7923
    2.5992
    1.9568
    0.7286
    0.7286
    2.0524
   -0.2154
   -0.0222
   -1.0945
    1.2031
    0.4376
   -0.7250
   -3.8494
   -1.0732
    1.2151
   -2.0720
    1.9452
    1.0950
    0.8776
    0.8644
    1.5211
    0.9551
    0.0878
   -1.1113
    0.0750
   -0.1361
    1.9741
   -0.7598
    1.2943
    1.5559
    0.9469
    0.5807
    1.6245
   -0.1707
    0.7064
    0.1997
    1.7864
   -0.5202
   -0.2527
   -2.0583
   -2.0478
   -0.2169
    0.5481
   -1.7533
   -0.3353
    1.1112
   -0.6449
    1.5866
   -0.1182
    1.6079
    0.0888
   -0.6522
   -0.2288
   -1.0002
   -0.1457
    0.0381
   -0.0211
   -2.2695
    0.7727
    0.0358
    2.4713
   -1.0727
   -1.0049
   -0.7445
    0.2235
   -0.5086
    0.7325
   -0.1315
   -0.3271
    0.3304
    2.5698
   -0.2620
   -0.3008
   -0.5210
    0.2553
   -0.0818
    0.8033
   -1.3966
   -0.2238
   -1.4848
   -2.0011
    0.2767
   -1.0238
   -0.9689
    0.6708
   -1.6175
    0.4823
   -0.2973
   -0.5384
   -0.7978
   -0.5675
   -0.6019
   -0.1022
    4.4006
   -0.5189
    1.6212
    1.5801
    0.9732
    0.4829
    1.3334
   -3.7479
   -1.1843
    0.5090
   -0.1774
    1.2661
    0.3740
    4.1238
   -0.6142
   -1.6915
   -0.8322
    0.4079
   -0.6582
   -3.3184
    1.1189
    2.1635
   -0.8021
    0.7358
   -1.3434
   -1.3290
   -0.6755
    0.3679
   -0.9394
   -2.2849
    1.0059
   -1.6298
   -0.8971
   -0.0451
   -2.9182
    1.3663
    0.8805
    0.0194
   -0.3593
    1.1375
   -1.9561
   -1.1958
   -2.0930
   -1.2558
   -0.8437
    0.2517
    0.3834
    0.7448
   -0.9801
    2.2416
    0.4066
    0.2915
   -0.4585
    0.8936
    0.4096
    0.6802
   -0.1685
    1.3362
    0.9320
   -1.2280
   -4.5930
   -3.1993
    0.8274
    0.7990
    1.9633
    0.6077
   -0.8546
    0.3337
   -0.0585
   -1.5312
   -0.0531
   -0.0963
   -0.0373
    1.5775
    0.9189
    0.2361
    0.0431
    0.2665
    1.1826
   -0.1902
   -0.4532
   -0.0335
   -1.8560
    0.4669
   -0.1149
    0.9090
   -2.3149
    1.2200
   -1.0328
   -1.2048
    0.0667
    1.7665
    0.2952
   -0.7272
    1.0093
    1.9496
    0.2162
   -0.7321
    2.0947
   -0.2320
    0.3333
    1.1602
    1.1495
   -3.1662
   -0.0563
   -0.0501
   -0.4487
    2.1860
   -1.7417
   -0.1459
   -0.7763
    1.0590
    0.9050
    0.0035
    1.8130
   -0.0161
    2.1896
   -0.6448
    1.0586
    0.2280
   -0.0277
    2.3859
   -1.2647
    0.6274
   -0.9462
   -0.4703
   -0.1711
   -1.8984
   -0.2606
   -0.3638
    1.0194
    0.6859
   -0.3203
   -2.5079
   -0.7102
    1.5427
   -0.0435
   -0.1783
   -0.8420
   -1.1459
   -0.3806
    1.0850
    1.7776
    0.6904
   -0.1926
    0.4414
    0.0996
    0.2369
    0.4629
   -0.3315
    1.1237
   -2.2048
   -3.6856
   -0.1187
    1.3556
    0.4678
   -0.9059
   -0.8233
   -0.5869
    0.9334
    0.3522
    0.7274
   -0.2707
    1.5814
   -0.0644
    2.4026
   -0.5963
    0.8150
    1.1281
   -0.6880
    1.6545
    2.1125
    0.2326
   -1.0037
    0.3436
    0.2177
   -0.8192
   -0.2652
   -0.4020
    1.5677
    1.4021
   -0.5440
   -1.3883
    0.4032
    1.5548
   -0.5608
   -0.2065
    1.8761
    0.7773
   -0.3336
    0.4999
    1.9391
    0.4669
   -0.1861
   -0.2550
    0.0840
    0.8093
    1.0923
   -1.7757
    1.6984
   -0.2976
    1.1640
   -1.2735
    0.6456
   -2.6416
    1.8075
    0.1458
   -0.7712
    3.2624
    0.8286
    3.0693
   -0.0470
    0.1016
   -0.3614
   -0.7543
   -0.8993
   -0.1651
    0.5784
    0.1694
    1.5409
   -0.2209
   -0.5167
    0.9443
    0.4088
    0.7665
    0.0184
   -0.2951
   -0.6327
    1.8033
   -1.1806
    0.7476
   -0.7368
   -2.0985
   -0.1135
   -2.6620
   -0.4845
    1.0218
   -0.2136
   -1.0616
   -2.2461
   -2.1786
    1.1250
    0.1128
    0.1931
   -0.0874
    0.4473
    1.1278
   -1.5972
    0.9735
   -0.5777
   -1.5061
    0.5671
    0.0831
   -1.8076
    1.9821
    1.1359
    0.2590
   -1.4018
   -6.3630
   -0.7424
   -0.3486
    1.1869
    0.2723
   -1.3837
   -1.1585
    3.7708
   -3.0460
    1.1181
   -0.7423
   -1.6598
   -2.2511
    2.0923
   -0.5008
    0.1333
    0.1298
    1.0242
    0.4416
    0.1250
    0.9868
    0.0072
    2.2511
    1.8667
   -1.2699
   -0.0229
    2.2928
    0.4049
    1.6252
    1.2636
    1.1408
    0.5064
   -1.1356
   -5.3683
    3.9883
    0.2838
   -0.6189
    0.4767
    0.0655
   -0.8961
   -3.0462
    2.3374
   -0.1441
    0.5159
   -0.5850
   -2.6674
    0.1158
   -0.2097
    2.3587
   -0.7261
    0.6979
   -0.8922
   -0.4770
    1.4129
   -2.0236
    1.7417
    1.2422
   -2.0486
    4.3859
    0.4795
    0.0446
   -2.7536
    2.9677
    0.9336
    0.3316
   -0.0970
   -0.6095
   -1.9290
   -1.2841
    0.1618
    0.4322
    0.7202
   -0.2238
   -0.2115
    0.5336
    0.2982
    0.6816
   -2.1881
    0.3043
    0.2605
   -1.4920
    1.3095
    0.7936
    1.4159
   -0.0725
    1.9326
    0.7837
    0.3399
   -3.0682
   -0.0828
   -0.8013
    1.4567
    1.8941
    0.2348
    0.3728
   -0.5708
    1.0885
   -0.6266
    0.8007
   -0.4397
   -1.6123
   -1.3766
   -0.3899
    0.0150
    0.4206
    0.9323
    0.8141
   -0.9046
    0.0719
   -1.2442
   -0.6939
   -0.9715
    1.7627
   -0.4552
    0.5944
   -0.0833
   -1.2872
    0.3983
    0.7384
   -1.8856
    0.8958
    0.5070
    0.0062
   -2.3002
   -1.1676
   -0.3623
    0.5748
   -2.4315
   -0.3625
    0.5498
   -0.0628
    1.2732
   -1.7106
    0.1238
   -0.0619
    1.7709
   -0.1098
    0.0048
    0.8683
    2.2177
    1.1408
    0.7071
   -1.0063
   -0.5360
   -0.9332
    3.2279
   -0.7849
    0.6178
   -0.5655
   -1.2779
    0.5940
   -0.5655
   -0.3476
   -4.2772
   -1.2736
   -0.3950
   -0.7710
   -2.1593
    0.4678
    0.3254
   -0.3476
    1.0500
   -0.9330
   -1.0104
    0.1981
    0.6786
   -0.0882
    0.7507
   -0.0096
   -1.9177
    1.4099
    1.1534
    1.9868
   -0.6763
    0.8943
    1.0872
   -0.4874
    0.7959
    0.2180
   -1.4912
   -0.6848
   -0.4715
    1.0186
    2.0491
   -0.4984
    0.4274
    1.0615
   -2.2052
    0.8109
   -2.2753
    0.4152
    0.4923
   -0.9745
   -0.3408
    0.8938
    0.5656
   -2.0800
   -1.2643
    1.1234
   -0.1852
   -0.3141
    0.4911
    1.9673
    1.8950
    0.1465
   -0.5625
    0.3217
    0.9824
   -2.8356
   -0.1757
    0.0977
   -0.0956
   -0.7856
    0.3737
   -0.9233
   -0.1645
   -0.0812
   -0.7079
    2.0745
    0.2098
    0.7398
    0.8676
   -1.1023
    1.3472
   -1.4437
   -1.5811
   -0.4419
    1.4697
    1.9377
    0.0710
   -0.8960
   -0.2614
   -1.2343
    0.4780
    2.4192
   -0.9061
   -0.4112
   -1.1674
   -3.3112
   -1.5622
    0.1676
   -0.4052
    0.3730
   -1.4219
    0.9628
    0.5651
   -0.9345
   -0.0893
    1.7304
   -2.7521
    2.0700
   -0.1750
   -1.9074
   -0.4703
   -0.3186
    0.4942
    0.4068
    0.1218
   -1.9524
   -0.5585
    0.0023
   -0.6621
    1.4941
   -0.0018
   -1.2874
   -0.5930
   -1.7518
    0.8202
    0.8290
   -0.2278
   -0.2259
    0.7717
   -1.4687
   -0.1047
    0.1364
   -0.3157
    0.4861
   -1.2691
   -0.4355
    2.8733
   -0.0603
    0.3403
    0.3326
   -0.8678
    1.4419
    1.5216
    0.3811
   -0.0560
    0.5913
   -0.0268
   -0.0822
   -0.3121
   -0.8680
   -2.4217
   -1.3331
   -1.1982
   -0.1706
   -0.8478
   -0.0625
   -0.9122
   -3.2395
    1.7901
    1.2043
   -2.8533
    1.2766
   -5.1729
   -0.1068
   -0.4182
    0.7966
    0.1125
    1.5153
    0.9443
   -0.6713
    1.5291
    1.6821
   -2.0637
   -0.4039
   -1.8274
   -0.7243
   -1.5877
    0.0360
   -0.5753
    0.0543
    0.8585
    0.2897
    0.5152
    0.9322
    0.0169
   -0.3793
    0.5822
   -0.3256
    0.7037
   -1.2741
    1.4300
   -1.6846
    1.0264
    0.8051
   -3.3296
    0.2278
    1.0510
    0.5728
   -0.5836
   -1.9859
   -0.3279
   -1.0509
   -1.2164
   -0.7031
   -0.4113
    0.3635
   -0.8614
    0.4084
   -0.3965
   -0.0058
    1.7427
    1.3758
    0.4468
    1.2593
    3.0936
    2.0165
    1.2132
   -0.0707
    0.7824
   -1.5339
   -2.1784
    1.0994
    1.1804
    1.7973
    0.4619
   -0.5136
    0.9159
   -0.8625
   -0.2265
   -0.2514
   -0.9663
    0.0663
    1.8988
   -0.1576
    1.0230
    2.5779
    0.5156
   -1.7052
   -1.5476
   -1.0564
   -1.7217
   -1.9115
   -0.2499
    0.0548
   -0.8392
    0.3023
    1.0381
    0.5906
    0.6651
   -0.4435
    0.6777
    0.2428
   -3.0055
   -1.0464
   -0.1137
   -0.1083
    1.6935
   -0.7123
    0.4307
   -0.6006
   -1.7448
   -0.1566
   -0.6195
    4.9904
   -0.4846
   -0.1365
    1.6114
    0.9753
    0.4421
   -1.4877
    0.0752
   -0.2956
    1.5066
   -2.9642
    0.5885
   -2.0585
    8.6492
    0.4782
    0.3398
   -1.7253
   -1.9737
   -1.6749
    0.9253
    0.1293
    1.0440
   -0.4686
   -0.1114
   -0.5629
   -0.1434
   -0.1382
   -0.6914
    1.5862
   -0.0200
   -1.8717
    0.1864
    0.1459
    0.4129
   -0.1850
   -0.4488
   -1.6805
    0.1914
    0.4298
    0.0620
   -0.5741
   -1.2157
   -0.5563
   -0.0196
    0.3522
    0.3234
   -0.2065
   -0.3342
    0.6016
    0.4863
    1.5093
   -0.7110
    1.5753
    1.1174
    0.1372
   -1.1720
   -0.8131
   -1.2265
    0.2826
    1.3496
    1.8128
   -1.0630
    0.8059
   -1.2718
    0.3749
    0.2116
    0.4855
    1.7831
    1.9054
    1.3431
   -0.0366
    0.1094
    0.3840
   -0.3021
   -0.9344
   -0.4436
   -0.6519
   -0.3142
   -0.0807
    1.5926
   -0.7260
   -0.4872
    1.4684
    0.4350
    1.2929
    1.7053
   -0.4506
   -1.3135
   -1.1350
   -1.2924
   -0.2309
    0.7995
    0.6537
   -1.3099
   -0.7375
   -0.0439
   -0.6862
    0.0205
    0.8902
   -2.9714
   -2.0243
    1.6007
   -0.6003
   -1.6482
    0.1521
    0.2853
   -0.1777
   -0.6737
    0.1968
    1.9388
   -1.1213
    0.2567
   -2.6959
    1.8191
   -0.7612
   -1.4866
    1.8990
    1.8345
   -0.7195
   -0.0282
    0.1805
    0.3801
    1.0984
    1.3729
   -0.0119
    0.5827
   -0.1695
   -0.9049
   -0.3664
   -0.4216
   -0.5461
    1.1641
   -0.8832
    1.6148
    0.1084
    1.0477
    0.4192
    0.2766
   -0.6284
   -3.8935
   -0.3514
   -2.1784
   -0.9935
   -0.7716
   -0.4576
   -1.8443
    0.6985
    1.5659
   -0.6179
    0.1920
   -0.1258
   -0.9141
    1.0246
    0.1294
    3.4034
   -3.6530
    0.2008
    1.0807
   -0.2732
    0.9768
    0.9294
    0.9056
   -1.8759
   -0.2499