    0.1613
    0.0053
    0.6295
    0.0514
    0.0571
    0.1759
    0.7798
    0.7758
    0.0743
    0.8530
    0.3269
    0.6990
    0.3251
    0.9029
    0.9392
    0.8533
    0.7135
    0.2120
    0.5049
    0.9169
    0.4573
    0.5045
    0.5969
    0.8580
    0.9605
    0.5730
    0.5364
    0.4753
    0.2529
    0.1775
    0.9446
    0.9797
    0.2003
    0.0071
    0.3080
    0.8661
    0.6122
    0.4528
    0.7104
    0.1401
    0.5503
    0.8478
    0.6179
    0.7777
    0.6588
    0.1995
    0.6248
    0.3983
    0.4955
    0.8452
    0.7170
    0.1384
    0.3560
    0.3696
    0.1794
    0.9231
    0.2078
    0.5849
    0.8148
    0.4234
    0.8188
    0.1708
    0.2593
    0.6518
    0.9369
    0.1411
    0.3916
    0.4960
    0.8727
    0.6446
    0.2205
    0.7766
    0.0379
    0.6290
    0.8040
    0.5278
    0.6096
    0.2436
    0.4805
    0.7679
    0.9759
    0.9461
    0.7505
    0.7505
    0.9523
    0.4190
    0.4916
    0.1618
    0.8586
    0.6600
    0.2505
    0.0060
    0.1661
    0.8607
    0.0465
    0.9453
    0.8383
    0.7898
    0.7866
    0.9056
    0.8083
    0.5333
    0.1585
    0.5284
    0.4485
    0.9473
    0.2408
    0.8739
    0.9098
    0.8064
    0.7067
    0.9174
    0.4356
    0.7443
    0.5752
    0.9330
    0.3126
    0.4053
    0.0473
    0.0480
    0.4184
    0.6964
    0.0700
    0.3755
    0.8415
    0.2737
    0.9133
    0.4552
    0.9156
    0.5337
    0.2715
    0.4140
    0.1816
    0.4449
    0.5144
    0.4920
    0.0362
    0.7627
    0.5136
    0.9718
    0.1662
    0.1805
    0.2450
    0.5840
    0.3163
    0.7516
    0.4503
    0.3784
    0.6228
    0.9750
    0.4019
    0.3878
    0.3123
    0.5957
    0.4690
    0.7709
    0.1107
    0.4159
    0.0989
    0.0509
    0.6035
    0.1764
    0.1885
    0.7340
    0.0834
    0.6750
    0.3891
    0.3067
    0.2306
    0.2975
    0.2867
    0.4613
    0.9965
    0.3130
    0.9170
    0.9125
    0.8124
    0.6752
    0.8800
    0.0067
    0.1448
    0.6838
    0.4331
    0.8694
    0.6381
    0.9954
    0.2830
    0.0758
    0.2216
    0.6499
    0.2698
    0.0105
    0.8430
    0.9586
    0.2295
    0.7526
    0.1184
    0.1206
    0.2647
    0.6360
    0.1953
    0.0356
    0.8197
    0.0820
    0.2054
    0.4829
    0.0165
    0.8850
    0.7905
    0.5074
    0.3670
    0.8466
    0.0539
    0.1427
    0.0453
    0.1323
    0.2187
    0.5943
    0.6414
    0.7551
    0.1860
    0.9625
    0.6494
    0.6088
    0.3329
    0.7938
    0.6505
    0.7367
    0.4364
    0.8805
    0.8029
    0.1370
    0.0029
    0.0120
    0.7772
    0.7697
    0.9466
    0.7150
    0.2159
    0.6239
    0.4778
    0.0931
    0.4799
    0.4635
    0.4858
    0.9122
    0.7998
    0.5886
    0.5164
    0.5998
    0.8549
    0.4283
    0.3347
    0.4873
    0.0613
    0.6699
    0.4565
    0.7975
    0.0342
    0.8616
    0.1745
    0.1411
    0.5253
    0.9312
    0.6101
    0.2499
    0.8204
    0.9456
    0.5813
    0.2485
    0.9548
    0.4129
    0.6238
    0.8508
    0.8488
    0.0125
    0.4786
    0.4810
    0.3362
    0.9597
    0.0710
    0.4448
    0.2363
    0.8310
    0.7965
    0.5013
    0.9352
    0.4939
    0.9599
    0.2737
    0.8309
    0.5857
    0.4895
    0.9686
    0.1309
    0.7210
    0.1938
    0.3290
    0.4354
    0.0580
    0.4024
    0.3654
    0.8226
    0.7384
    0.3808
    0.0270
    0.2547
    0.9082
    0.4835
    0.4327
    0.2191
    0.1518
    0.3596
    0.8363
    0.9322
    0.7397
    0.4274
    0.6613
    0.5377
    0.5889
    0.6685
    0.3769
    0.8439
    0.0393
    0.0071
    0.4551
    0.8834
    0.6702
    0.2033
    0.2239
    0.2914
    0.8033
    0.6305
    0.7502
    0.3987
    0.9127
    0.4756
    0.9693
    0.2885
    0.7739
    0.8448
    0.2610
    0.9205
    0.9558
    0.5874
    0.1808
    0.6275
    0.5819
    0.2250
    0.4007
    0.3521
    0.9111
    0.8901
    0.3049
    0.1119
    0.6483
    0.9096
    0.2996
    0.4223
    0.9403
    0.7639
    0.3761
    0.6808
    0.9449
    0.6699
    0.4298
    0.4045
    0.5319
    0.7725
    0.8377
    0.0680
    0.9249
    0.3890
    0.8515
    0.1294
    0.7265
    0.0229
    0.9348
    0.5551
    0.2377
    0.9888
    0.7775
    0.9861
    0.4822
    0.5385
    0.3663
    0.2423
    0.2048
    0.4377
    0.7060
    0.5640
    0.9080
    0.4169
    0.3137
    0.8058
    0.6502
    0.7610
    0.5070
    0.3899
    0.2774
    0.9344
    0.1454
    0.7558
    0.2472
    0.0450
    0.4570
    0.0224
    0.3243
    0.8231
    0.4196
    0.1685
    0.0373
    0.0406
    0.8442
    0.5427
    0.5728
    0.4669
    0.6633
    0.8447
    0.0856
    0.8125
    0.2942
    0.0962
    0.7024
    0.5315
    0.0652
    0.9479
    0.8462
    0.5970
    0.1099
    0.0007
    0.2456
    0.3708
    0.8557
    0.6018
    0.1125
    0.1495
    0.9935
    0.0143
    0.8428
    0.2457
    0.0789
    0.0371
    0.9547
    0.3189
    0.5504
    0.5491
    0.8236
    0.6614
    0.5473
    0.8155
    0.5027
    0.9629
    0.9395
    0.1300
    0.4913
    0.9648
    0.6488
    0.9175
    0.8690
    0.8472
    0.6829
    0.1538
    0.0015
    0.9948
    0.6060
    0.2815
    0.6732
    0.5249
    0.2056
    0.0143
    0.9667
    0.4455
    0.6860
    0.2920
    0.0222
    0.5439
    0.4211
    0.9676
    0.2502
    0.7418
    0.2066
    0.3267
    0.8916
    0.0495
    0.9290
    0.8654
    0.0479
    0.9964
    0.6741
    0.5169
    0.0201
    0.9844
    0.8033
    0.6232
    0.4632
    0.2844
    0.0558
    0.1277
    0.5611
    0.6582
    0.7482
    0.4159
    0.4204
    0.6918
    0.6112
    0.7371
    0.0401
    0.6134
    0.5976
    0.0980
    0.8763
    0.7683
    0.8920
    0.4725
    0.9444
    0.7657
    0.6261
    0.0139
    0.4686
    0.2297
    0.8975
    0.9416
    0.5882
    0.6377
    0.2964
    0.8370
    0.2792
    0.7702
    0.3393
    0.0839
    0.1135
    0.3563
    0.5057
    0.6542
    0.8030
    0.7737
    0.2036
    0.5273
    0.1343
    0.2593
    0.1880
    0.9309
    0.3340
    0.7110
    0.4684
    0.1272
    0.6466
    0.7533
    0.0590
    0.7943
    0.6831
    0.5024
    0.0349
    0.1478
    0.3660
    0.7048
    0.0296
    0.3659
    0.6969
    0.4762
    0.8705
    0.0739
    0.5469
    0.4765
    0.9316
    0.4584
    0.5018
    0.7875
    0.9613
    0.8472
    0.7444
    0.1802
    0.3075
    0.1968
    0.9884
    0.2340
    0.7181
    0.2981
    0.1287
    0.7108
    0.2981
    0.3711
    0.0039
    0.1294
    0.3545
    0.2378
    0.0416
    0.6702
    0.6210
    0.3711
    0.8291
    0.1968
    0.1793
    0.5746
    0.7362
    0.4666
    0.7567
    0.4964
    0.0566
    0.8912
    0.8496
    0.9482
    0.2644
    0.7939
    0.8367
    0.3233
    0.7689
    0.5820
    0.0980
    0.2620
    0.3286
    0.8224
    0.9521
    0.3197
    0.6566
    0.8315
    0.0393
    0.7729
    0.0360
    0.6524
    0.6783
    0.1873
    0.3735
    0.7938
    0.7020
    0.0460
    0.1309
    0.8439
    0.4302
    0.3831
    0.6779
    0.9469
    0.9417
    0.5554
    0.2990
    0.6197
    0.8145
    0.0182
    0.4337
    0.5370
    0.4638
    0.2338
    0.6380
    0.1991
    0.4379
    0.4692
    0.2553
    0.9536
    0.5789
    0.7537
    0.7873
    0.1603
    0.8821
    0.1042
    0.0874
    0.3385
    0.8992
    0.9448
    0.5269
    0.2057
    0.4021
    0.1360
    0.6736
    0.9699
    0.2032
    0.3490
    0.1478
    0.0106
    0.0895
    0.5633
    0.3511
    0.6378
    0.1072
    0.8101
    0.7018
    0.1965
    0.4661
    0.9279
    0.0201
    0.9534
    0.4340
    0.0574
    0.3290
    0.3815
    0.6790
    0.6495
    0.5461
    0.0542
    0.3003
    0.5009
    0.2686
    0.9023
    0.4993
    0.1272
    0.2895
    0.0701
    0.7753
    0.7776
    0.4144
    0.4151
    0.7624
    0.1009
    0.4603
    0.5516
    0.3825
    0.6763
    0.1301
    0.3407
    0.9826
    0.4771
    0.6263
    0.6235
    0.2126
    0.8955
    0.9057
    0.6406
    0.4788
    0.7100
    0.4898
    0.4688
    0.3838
    0.2125
    0.0300
    0.1200
    0.1423
    0.4356
    0.2176
    0.4763
    0.2018
    0.0115
    0.9333
    0.8588
    0.0178
    0.8711
    0.0018
    0.4596
    0.3466
    0.7691
    0.5426
    0.9049
    0.8058
    0.2659
    0.9066
    0.9233
    0.0470
    0.3515
    0.0636
    0.2507
    0.0866
    0.5137
    0.2950
    0.5206
    0.7851
    0.6082
    0.6858
    0.8030
    0.5064
    0.3600
    0.7071
    0.3789
    0.7435
    0.1293
    0.8939
    0.0764
    0.8241
    0.7714
    0.0104
    0.5856
    0.8293
    0.7042
    0.2924
    0.0519
    0.3781
    0.1707
    0.1391
    0.2567
    0.3489
    0.6345
    0.2142
    0.6501
    0.3541
    0.4978
    0.9291
    0.8863
    0.6631
    0.8683
    0.9865
    0.9501
    0.8604
    0.4732
    0.7653
    0.0928
    0.0406
    0.8392
    0.8545
    0.9339
    0.6682
    0.3147
    0.7991
    0.2139
    0.4149
    0.4058
    0.1891
    0.5252
    0.9420
    0.4405
    0.8234
    0.9752
    0.6859
    0.0744
    0.0912
    0.1696
    0.0729
    0.0571
    0.4063
    0.5208
    0.2198
    0.6127
    0.8266
    0.7098
    0.7323
    0.3380
    0.7360
    0.5911
    0.0150
    0.1717
    0.4569
    0.4590
    0.9244
    0.2541
    0.6577
    0.2871
    0.0707
    0.4408
    0.2814
    0.9979
    0.3242
    0.4484
    0.9160
    0.8129
    0.6616
    0.0985
    0.5285
    0.3897
    0.9039
    0.0157
    0.7091
    0.0473
    0.9998
    0.6737
    0.6261
    0.0725
    0.0527
    0.0774
    0.8014
    0.5489
    0.8278
    0.3295
    0.4578
    0.2989
    0.4458
    0.4477
    0.2601
    0.9132
    0.4924
    0.0601
    0.5703
    0.5552
    0.6516
    0.4303
    0.3362
    0.0768
    0.5721
    0.6574
    0.5235
    0.2954
    0.1392
    0.3010
    0.4925
    0.6305
    0.6203
    0.4223
    0.3759
    0.7132
    0.6763
    0.9042
    0.2544
    0.9120
    0.8427
    0.5519
    0.1470
    0.2266
    0.1373
    0.6056
    0.8825
    0.9352
    0.1682
    0.7715
    0.1297
    0.6385
    0.5796
    0.6761
    0.9327
    0.9425
    0.8815
    0.4861
    0.5414
    0.6416
    0.3874
    0.1965
    0.3379
    0.2716
    0.3830
    0.4694
    0.9139
    0.2502
    0.3234
    0.8990
    0.6591
    0.8737
    0.9256
    0.3356
    0.1230
    0.1539
    0.1264
    0.4133
    0.7699
    0.7289
    0.1236
    0.2470
    0.4833
    0.2615
    0.5078
    0.7929
    0.0156
    0.0494
    0.9148
    0.2872
    0.0801
    0.5575
    0.6066
    0.4330
    0.2652
    0.5741
    0.9449
    0.1566
    0.5962
    0.0215
    0.9357
    0.2405
    0.0986
    0.9420
    0.9370
    0.2520
    0.4893
    0.5681
    0.6403
    0.8390
    0.8859
    0.4955
    0.7073
    0.4360
    0.2035
    0.3645
    0.3454
    0.3042
    0.8515
    0.2088
    0.9164
    0.5411
    0.8286
    0.6538
    0.6034
    0.2786
    0.0057
    0.3698
    0.0406
    0.1830
    0.2376
    0.3332
    0.0622
    0.7420
    0.9109
    0.2818
    0.5723
    0.4524
    0.2013
    0.8237
    0.5490
    0.9904
    0.0074
    0.5756
    0.8354
    0.3978
    0.8132
    0.8023
    0.7967
    0.0597
    0.4063